# search for "GL#" on liederindex.de
# CSV == Christliche Schriftenverbreitung
1 3045
2 4587 
3 896
4 27
5 3445
6 892
7 3051
8 3713
9 2647
10 1254
11 859
12 3420
13 4588
14 795
15 3431
16 1151
17 319
18 3620
19 2525
20 890
21 1554
22 2551
23 442
24 320
25 3381
26 4551
27 321
28 3433
29 902
30 2550
31 2430
32 3380
33 2361
34 4377
35 309
36 234
37 3849
38 4573
39 4338
40 3124
41 4345
42 2534
43 3253
44 2252
45 2098
46 1550
47 2190
48 167
49 911
50 1779
51 1928
52 3444
53 3527
54 2995
55 1944
56 2054
57 1681
58 3178
59 785
60 1851
61 3120
62 3453
63 787
64 3454
65 2235
66 786
67 687
68 4182
69 3432
70 1572
71 1841
72 792
73 22
74 1828
75 3499
76 2287
77 1762
78 144
79 2036
80 3987
81 2166
82 2548
83 3973
84 756
85 419
86 3482
87 2759
88 209
89 4328
90 428
91 4593
92 3389
93 3837
94 3013
95 2241
96 3867
97 903
98 4596
99 4146
100 3485
101 3375
102 318
103 60
104 4667
105 1860
106 889
107 3962
108 1235
109 595
110 224
111 3137
112 4469
113 2999
114 1631
115 4205
116 3241
117 4059
118 3898
119 1696
120 102
121 3391
122 1559
123 3331
124 3556
125 705
126 457
127 3872
128 121
129 2737
130 828
131 2
132 4665
133 2041
134 122
135 1864
136 3483
137 songs?q=GL137&ListerRpp=25&EnableFulltext=1
138 120
139 355
140 1803
141 1974
142 1853
143 1117
144 1623
145 1927
146 2716
147 1811
148 3481
149 4626
150 2397
151 3007
152 4533
153 2898
154 860
155 3400
156 3419
157 4542
158 1763
159 songs?q=GL159&ListerRpp=25&EnableFulltext=1
160 songs?q=GL160&ListerRpp=25&EnableFulltext=1
161 songs?q=GL161&ListerRpp=25&EnableFulltext=1
162 1145
163 3413
164 songs?q=GL164&ListerRpp=25&EnableFulltext=1
165 songs?q=GL165&ListerRpp=25&EnableFulltext=1
166 songs?q=GL166&ListerRpp=25&EnableFulltext=1
167 1810
168 songs?q=GL168&ListerRpp=25&EnableFulltext=1
169 songs?q=GL169&ListerRpp=25&EnableFulltext=1
170 1994
171 3935
172 3496
173 3478
174 745
175 1962
176 songs?q=GL176&ListerRpp=25&EnableFulltext=1
177 3461
178 897
179 1862
180 3287
